542041534
549467343
638572695
653700925
678756223
724821678
1017626109
1049041115
1050905305
1060498454
1136873959
1150683913
1259780411
1260601249
1270110349
1364187048
1370492638
1409283559
1431709930
1458288300
1479110058
1482918215
1487265248
1538152930
1596072948
1618838990
1668441486
1674339995
1701404201
1733259938
1788776022
1790557803
1824104247
1836996035
1843404809
100000036518277
100000090631857
100000116662536
100000155135610
100000174237908
100000176902599
100000179888030
100000185655373
100000228252924
100000247624879
100000275902754
100000287337465
100000305505049
100000383255400
100000389628676
100000438245216
100000451920654
100000465470296
100000472067861
100000516465975
100000533412466
100000540026226
100000543627776
100000570785620
100000651184280
100000674085275
100000716968120
100000768393402
100000921992432
100000955999673
100000972481894
100000986732064
100000991952056
100001036683372
100001038051249
100001065878205
100001080610183
100001082049544
100001180265313
100001216006202
100001253299664
100001269448914
100001286560909
100001294670529
100001316449940
100001348281550
100001389142391
100001399858737
100001409079322
100001430237658
100001434150138
100001444678200
100001448848453
100001483742012
100001623522096
100001638307503
100001647042297
100001676469595
100001679535695
100001681978977
100001682779813
100001700372253
100001719464536
100001724408988
100001757525029
100001763807849
100001769228577
100001783380071
100001810357481
100001824955672
100001829408134
100001844384249
100001862826186
100001863718128
100001869732141
100001897016169
100001913787798
100001918447289
100001924222048
100001925962243
100001930736635
100001995837603
100002002688476
100002011175183
100002027997821
100002046293134
100002059051422
100002063367677
100002063976607
100002069170731
100002072442823
100002072707651
100002075238126
100002093400916
100002115378146
100002124818753
100002134973476
100002150611533
100002182353308
100002182367801
100002189250371
100002191075600
100002200881109
100002208123312
100002213212940
100002217256976
100002218012047
100002239172181
100002258232572
100002306825109
100002308049081
100002313501624
100002314328218
100002319790643
100002320243197
100002328176252
100002333861694
100002362958496
100002378695801
100002427248822
100002468650295
100002501448510
100002535842307
100002553165476
100002553674897
100002559582376
100002560144193
100002569943424
100002585798409
100002614355681
100002614826606
100002636427994
100002637894645
100002681788213
100002725286538
100002747181065
100002753754815
100002781694367
100002791026452
100002798473122
100002798941100
100002804372647
100002814443881
100002844339612
100002865774894
100002869237305
100002889232087
100002897308324
100002906636977
100002923614617
100002949521507
100002950998982
100002953644320
100002967393795
100002970548251
100002987951895
100002988516731
100003000920350
100003012903217
100003020350209
100003032673458
100003047580629
100003050575791
100003053050656
100003060606383
100003062290640
100003069558241
100003080678393
100003081903938
100003085341413
100003097122761
100003102091370
100003103641410
100003109765597
100003127479292
100003129303139
100003162268143
100003171983335
100003206326565
100003217550448
100003222537392
100003222996653
100003230423607
100003236356095
100003244037757
100003253614340
100003261875585
100003264486783
100003280208480
100003291002867
100003295824262
100003300111058
100003302457976
100003319264086
100003322759389
100003323029273
100003324369007
100003337353854
100003340897849
100003341312400
100003348292115
100003348423857
100003360297836
100003382150989
100003399949833
100003478320234
100003484362816
100003491137547
100003507906194
100003514509921
100003530960763
100003540338088
100003555130272
100003555368901
100003559793516
100003564618077
100003578306810
100003599733792
100003620152194
100003638014299
100003663353232
100003663401448
100003665712819
100003691378583
100003692050806
100003701894298
100003705196079
100003708905070
100003714972971
100003725985339
100003731782537
100003741173399
100003747307083
100003754480405
100003762177142
100003764183224
100003779421708
100003780870289
100003782254652
100003783618283
100003789135042
100003789138331
100003818263787
100003846087499
100003876533575
100003891060961
100003902415421
100003905961301
100003934503617
100003942892928
100003951416935
100003985148101
100003989276303
100003993203984
100004015413393
100004023258408
100004043567681
100004047925868
100004048951540
100004060927287
100004061885491
100004108842253
100004110527762
100004116994473
100004119065339
100004119673128
100004125497518
100004129339000
100004135698309
100004137015576
100004145448351
100004149258837
100004169407071
100004174338962
100004191645941
100004193687596
100004193807854
100004197393260
100004198365042
100004205926110
100004207095047
100004212559360
100004213398087
100004221138593
100004227916292
100004235580979
100004238088672
100004243815091
100004255505919
100004256616361
100004258807424
100004261039104
100004269253041
100004269256897
100004270937754
100004270996512
100004273500625
100004287289167
100004305644741
100004310595585
100004312309386
100004315787879
100004327577836
100004330878960
100004335517551
100004337235738
100004337769638
100004339815324
100004349838640
100004351900401
100004359965313
100004363269006
100004366837009
100004368018558
100004368462476
100004370477412
100004384564614
100004385418449
100004385656954
100004386517744
100004393126235
100004398074875
100004404495990
100004413675490
100004415747806
100004417247647
100004421177403
100004430675874
100004431965802
100004433580950
100004436867077
100004442059101
100004446846073
100004457237371
100004463418599
100004471127259
100004473408491
100004478235209
100004478328029
100004479799310
100004486110197
100004491105170
100004495925927
100004503919071
100004508711351
100004519635276
100004521911865
100004522114747
100004523615177
100004532659311
100004536256443
100004543478811
100004544446817
100004545979183
100004548390072
100004549002488
100004552111774
100004564457606
100004574417814
100004575972441
100004577083242
100004577507062
100004578947658
100004584225099
100004585512046
100004588369323
100004589357587
100004594039132
100004596014998
100004612422632
100004617215285
100004625167312
100004629450104
100004638289240
100004640136310
100004643492324
100004650700681
100004650919236
100004659097095
100004669157429
100004673447938
100004673565809
100004674907029
100004679201445
100004679207074
100004684243976
100004687182408
100004690389719
100004693781780
100004703537854
100004713756179
100004719702288
100004720261360
100004725587378
100004729356748
100004742953264
100004742953379
100004760288354
100004764993803
100004766679216
100004768320865
100004773107952
100004784834862
100004791826134
100004813332239
100004817112882
100004817164849
100004817444241
100004819721894
100004819968395
100004822783513
100004822802833
100004826957082
100004836045514
100004837383046
100004840369365
100004850686263
100004855874088
100004856386618
100004860378468
100004860787659
100004863108362
100004867054007
100004877296244
100004883024890
100004883299242
100004883717693
100004898655755
100004900578617
100004903776283
100004904777123
100004905932462
100004909142532
100004913647070
100004918936369
100004925973135
100004927186078
100004930990878
100004934224271
100004937254401
100004943417989
100004944212622
100004950648195
100004954655508
100004955524515
100004956105108
100004956313987
100004960091337
100004974970869
100004982597984
100004998977116
100004999604749
100004999725447
100005003793328
100005004077445
100005013494894
100005024146410
100005030417434
100005043198030
100005044336738
100005044458677
100005060118359
100005079634385
100005082164554
100005083035239
100005086608280
100005087475908
100005091796939
100005098631458
100005100047260
100005108581331
100005109332681
100005122636038
100005124276949
100005129673486
100005134966178
100005137666182
100005140050158
100005147058068
100005151998954
100005152578331
100005155725583
100005163252191
100005163589271
100005164638551
100005169826863
100005172255836
100005174526703
100005183358688
100005207386016
100005209156960
100005214580863
100005217819229
100005220676308
100005230686223
100005240386040
100005243239306
100005244974957
100005248125785
100005257397977
100005262048935
100005269668557
100005269968380
100005284953206
100005286394928
100005287989494
100005294115551
100005295247426
100005305906377
100005308330727
100005311744489
100005326807187
100005330537963
100005337008533
100005359606532
100005362144766
100005370282365
100005381889818
100005391829215
100005394523538
100005398608164
100005401064869
100005411385928
100005412821255
100005417267372
100005417585056
100005435658669
100005436014542
100005448364045
100005458118698
100005465897900
100005469047357
100005471310752
100005476306023
100005479484379
100005480835997
100005481017798
100005484286612
100005485810852
100005501194854
100005512786605
100005516417016
100005531139161
100005535125361
100005536608502
100005538697877
100005549974670
100005552297310
100005552506975
100005552658871
100005554337556
100005555958816
100005558825008
100005559401558
100005560334717
100005564386408
100005575572690
100005580766046
100005581217417
100005583135183
100005584686483
100005586196993
100005591238198
100005592647149
100005592796260
100005609745135
100005613975069
100005621403860
100005623757373
100005626369117
100005627534918
100005632571611
100005638660376
100005640362378
100005640938614
100005653218966
100005653337871
100005661018603
100005666041208
100005671275104
100005683848484
100005686359341
100005696466530
100005697399809
100005703251261
100005715015201
100005715728910
100005717775983
100005717794404
100005720825151
100005721075414
100005721946290
100005725084159
100005730285986
100005739977570
100005741621337
100005746428130
100005765190774
100005767836802
100005771103634
100005773981545
100005774171533
100005784851205
100005787604916
100005789403537
100005790938443
100005792924973
100005795342677
100005805490377
100005820425408
100005826186766
100005826754771
100005827391122
100005843386014
100005846805438
100005861292235
100005866269304
100005870559626
100005877223401
100005884962962
100005886002045
100005888238887
100005889521895
100005895541752
100005896905317
100005899896871
100005902458423
100005916480563
100005928941486
100005943588007
100005952780294
100005959150224
100005959489217
100005968096472
100005975675379
100005982557137
100005985970440
100005989816060
100005991213072
100006000735178
100006003493153
100006006528218
100006007002861
100006013840430
100006020419288
100006021696447
100006032565752
100006033409464
100006034308772
100006038441086
100006041387972
100006046726187
100006047345177
100006060166871
100006062979746
100006064604862
100006067009294
100006071225424
100006071409708
100006072188313
100006081125775
100006089118981
100006098986284
100006101355263
100006109635759
100006110477009
100006111690161
100006116356690
100006118997700
100006123254952
100006136812572
100006141315341
100006141555970
100006141793108
100006162575597
100006176987486
100006179656138
100006180855350
100006182912358
100006184303999
100006191469717
100006193666397
100006194313887
100006197742673
100006201932178
100006204888568
100006205606728
100006207467580
100006212988132
100006216225499
100006217306941
100006222283681
100006248086503
100006250050219
100006250968571
100006251225204
100006251831055
100006253868563
100006253995202
100006258677996
100006258847941
100006261581742
100006266670985
100006277560059
100006280984217
100006283560036
100006286183986
100006292382972
100006296417161
100006297706259
100006307094369
100006312258004
100006312330523
100006318486747
100006324125966
100006333917530
100006339341392
100006342458368
100006345496609
100006345765978
100006347492799
100006349487676
100006356791171
100006356895150
100006358306815
100006362089410
100006367907721
100006369666055
100006369848935
100006369946153
100006371775933
100006372155319
100006375185389
100006375764210
100006375769421
100006376531127
100006377287801
100006377411113
100006379776079
100006388320487
100006391541028
100006403031841
100006407741968
100006410520252
100006415785703
100006424826082
100006428165499
100006431784406
100006433473000
100006434509453
100006441667396
100006442006309
100006442741026
100006446471412
100006447092857
100006449024537
100006458960730
100006459361815
100006459810672
100006460378940
100006473773851
100006477095211
100006477219904
100006481123796
100006483938505
100006489738380
100006493504844
100006500265821
100006502952170
100006504431654
100006505101252
100006522723456
100006525901532
100006530768353
100006532207652
100006535506938
100006545297093
100006552259246
100006552961592
100006553113882
100006560169441
100006573193220
100006574608374
100006580604687
100006586239870
100006586450165
100006590190557
100006591060781
100006591993767
100006595878903
100006595905825
100006597067983
100006597195747
100006599142089
100006600367366
100006609215682
100006610748055
100006622386855
100006624047073
100006625788994
100006639781089
100006643770789
100006646935427
100006650175721
100006653986802
100006659971656
100006660694016
100006663498422
100006667848528
100006680929481
100006684819355
100006689557755
100006693166042
100006694875701
100006695260149
100006704801414
100006705001638
100006707285337
100006708735821
100006709185129
100006709273210
100006711286448
100006711845207
100006718125200
100006719928216
100006722266834
100006730230692
100006731027317
100006731475911
100006732427214
100006734173056
100006736365276
100006737614582
100006738307608
100006739359504
100006741824612
100006746418722
100006748450732
100006748452812
100006749689218
100006754937483
100006759167742
100006761644125
100006763170586
100006763668408
100006768073607
100006769243792
100006769952013
100006775547869
100006780437090
100006781035632
100006783422613
100006787939032
100006795065965
100006796059488
100006796488286
100006799326420
100006799909142
100006801300859
100006803435907
100006804167709
100006804700854
100006807289033
100006810698906
100006811324548
100006815627887
100006816856731
100006823037911
100006823089328
100006826214019
100006827118327
100006832152028
100006840942730
100006840993657
100006845087637
100006845742962
100006849401012
100006853875235
100006859207303
100006860149485
100006861708611
100006865958088
100006866597856
100006867278361
100006869350963
100006870816972
100006874938507
100006874986969
100006882378758
100006884614070
100006894587391
100006896569305
100006897129241
100006899473138
100006901637052
100006903130362
100006905839401
100006909255714
100006912456079
100006914683505
100006919388959
100006919981521
100006920353761
100006920777744
100006921610742
100006921615372
100006931936205
100006933404545
100006935770834
100006940029727
100006941167340
100006946775144
100006955698629
100006960406737
100006966611083
100006968014588
100006970396299
100006975136006
100006975219664
100006978439407
100006983356604
100006984610929
100006990725466
100006993366286
100007000876494
100007001231970
100007001438815
100007008342329
100007008731064
100007009992795
100007013377138
100007018841352
100007022145000
100007023127004
100007025045611
100007032991233
100007034314394
100007034326908
100007034794022
100007037086992
100007042687271
100007044218061
100007045757327
100007046289917
100007046651036
100007050821948
100007057472176
100007061117153
100007062615533
100007065256489
100007065313902
100007068018198
100007070170698
100007070800312
100007071888259
100007073225244
100007074366089
100007077106978
100007077108911
100007081126316
100007083373783
100007086905409
100007090260473
100007093183634
100007093245319
100007094146132
100007097348385
100007097385340
100007097700125
100007098002031
100007110045894
100007118327481
100007118522417
100007120119058
100007127436450
100007129963122
100007130959483
100007136057218
100007136775522
100007144696048
100007146961210
100007150186574
100007165865304
100007173433653
100007176764967
100007177211033
100007177398892
100007179558615
100007181057724
100007187018638
100007199854836
100007205624652
100007207032056
100007208149024
100007215933521
100007218048673
100007222606647
100007222800544
100007224346977
100007227635639
100007229137721
100007237507673
100007239641680
100007240304883
100007245486875
100007248944314
100007253140388
100007255878332
100007257667823
100007259897728
100007260403324
100007261473185
100007265929501
100007271412381
100007275848327
100007281009524
100007285369354
100007295620756
100007305904296
100007307793654
100007308400087
100007310464612
100007314499041
100007322148501
100007324096176
100007327383311
100007330118123
100007333689280
100007338277755
100007340354814
100007341491761
100007343866869
100007346746425
100007347787953
100007348056703
100007348112126
100007351549039
100007351994500
100007355327906
100007357278143
100007358566125
100007363003110
100007363183060
100007363666690
100007374240031
100007389012733
100007391700931
100007396352808
100007412508691
100007414457948
100007416960742
100007417681585
100007418955189
100007423896307
100007425575654
100007428346399
100007429128763
100007430983963
100007435936069
100007437018924
100007439719135
100007448856352
100007452347755
100007455044887
100007458107768
100007459847262
100007463779301
100007465608126
100007473405955
100007479765165
100007486546325
100007487508479
100007493291725
100007495594706
100007508591960
100007509884894
100007513299106
100007514265813
100007516548294
100007516691815
100007518704504
100007521469228
100007525990909
100007526196398
100007528159116
100007530396530
100007539403818
100007547329186
100007551125543
100007552488933
100007564090871
100007564320588
100007575068551
100007582085304
100007584248828
100007585906723
100007590437495
100007590844345
100007597995903
100007600724996
100007603142338
100007609218921
100007609562718
100007612277328
100007612813999
100007615849193
100007616106309
100007622415873
100007630096045
100007631374662
100007631414584
100007634803628
100007634972108
100007636140089
100007641287035
100007642320734
100007642696460
100007648669232
100007650527320
100007651157630
100007659737635
100007661293395
100007675395549
100007682803411
100007686010027
100007686726339
100007690803563
100007690837548
100007691029267
100007692436719
100007695919534
100007701100450
100007701134614
100007703230952
100007707105255
100007707306104
100007709629095
100007711236052
100007719096678
100007721838361
100007724100520
100007728242560
100007736237467
100007737514721
100007738055308
100007740604379
100007745293670
100007746722636
100007762834425
100007763175648
100007763678962
100007764251755
100007768727122
100007768961897
100007769202447
100007769681322
100007771025631
100007773361921
100007773798117
100007776370169
100007777383034
100007781371872
100007782060718
100007791678053
100007795365875
100007796177263
100007796443967
100007797073040
100007801756526
100007802672413
100007804577997
100007804622243
100007805135927
100007808296567
100007809724461
100007822235672
100007822393785
100007824227823
100007830666962
100007832320081
100007833887758
100007845664857
100007845975970
100007858056975
100007867094824
100007869660684
100007876776091
100007879635955
100007879938351
100007881529466
100007886010667
100007886626022
100007887390934
100007889790243
100007899158260
100007901349328
100007902213021
100007904146278
100007904587160
100007904925054
100007908609107
100007912933691
100007915720213
100007917184469
100007917998948
100007931686447
100007934205922
100007936367726
100007937343737
100007938426466
100007941123436
100007941241013
100007942904314
100007943745661
100007943856693
100007944420022
100007945963516
100007946801387
100007952682998
100007954234981
100007955107867
100007955383011
100007959458886
100007960249013
100007960483454
100007960686082
100007962338796
100007963306581
100007964055042
100007964587754
100007968030690
100007968960288
100007974643102
100007974918759
100007975453747
100007977783705
100007978089202
100007979298978
100007981246004
100007982555846
100007984261157
100007986131040
100007986874993
100007991702929
100007995319179
100007999967947
100008002691372
100008004438635
100008006051873
100008012324427
100008012378428
100008012928419
100008013197537
100008013754427
100008015171567
100008021013491
100008021854334
100008027976672
100008028644633
100008029352548
100008029962579
100008031903538
100008032265091
100008032273121
100008037588378
100008046002795
100008047035563
100008047123749
100008052394258
100008052737451
100008053878172
100008055463692
100008055467613
100008055694322
100008057976276
100008058706314
100008067822678
100008071020340
100008071094693
100008074426435
100008074598266
100008078612420
100008079159271
100008079845331
100008080869242
100008081110152
100008081941901
100008082186068
100008085405258
100008089637688
100008089848516
100008092024033
100008095567953
100008095669478
100008102942934
100008105896744
100008106643125
100008109918822
100008110594523
100008110600095
100008112282169
100008114077990
100008115138173
100008115423933
100008117478979
100008119183589
100008123208149
100008125544624
100008126387676
100008128142921
100008129524164
100008134275029
100008136271564
100008139819463
100008142824061
100008143726917
100008144597449
100008146819283
100008147564782
100008148481572
100008151242670
100008152020880
100008154001236
100008158297981
100008160275076
100008165559252
100008169633988
100008170354284
100008170560924
100008173684965
100008175668639
100008175939209
100008176954334
100008179090286
100008181930367
100008186769257
100008192253851
100008192806851
100008196249442
100008201022729
100008202302985
100008209724240
100008209989848
100008210207426
100008212840950
100008213953747
100008217548175
100008221663803
100008222287533
100008222857221
100008225197391
100008227754554
100008227817361
100008234106393
100008239562734
100008240640800
100008241362164
100008241856931
100008244583408
100008245447781
100008245608392
100008246200950
100008246978949
100008247006091
100008252017113
100008253736268
100008254749569
100008257843093
100008258502892
100008259436450
100008263846362
100008266323533
100008275207958
100008276952328
100008279466087
100008281122382
100008283785700
100008285349108
100008288900749
100008289574661
100008290454997
100008291748688
100008294621653
100008297083223
100008298150113
100008298786267
100008299663968
100008300612468
100008301794717
100008302174371
100008305875887
100008305898915
100008306747181
100008308470553
100008309269819
100008309343955
100008314354476
100008315130428
100008315524401
100008316065460
100008318870333
100008321895180
100008326691218
100008326691873
100008328482578
100008328879089
100008329427609
100008332171431
100008334436983
100008335687835
100008337931033
100008342568522
100008342733808
100008343694733
100008343871920
100008344900837
100008350180169
100008351924885
100008352457598
100008359846051
100008361376626
100008366116782
100008368396061
100008370222722
100008372684438
100008374388097
100008375165069
100008375227628
100008376165371
100008381474104
100008385211040
100008387621217
100008390409877
100008393838925
100008395007313
100008399148258
100008402623170
100008403198409
100008403521434
100008410091048
100008417469865
100008418008615
100008421616467
100008421728263
100008423448841
100008424136569
100008424221887
100008427219727
100008430286484
100008432439663
100008434699434
100008435650251
100008436018061
100008442018770
100008442638249
100008442760734
100008444702813
100008445331692
100008445336349
100008450378463
100008452299270
100008452478762
100008456628132
100008458036380
100008460759222
100008460908250
100008461094307
100008461666682
100008463431894
100008466640980
100008467159381
100008470219502
100008477089305
100008477616316
100008477744455
100008480621764
100008481284898
100008482750195
100008483975783
100008487949484
100008488244001
100008491143734
100008495977065
100008496079442
100008498318981
100008498375819
100008499308899
100008499914327
100008501080547
100008504650030
100008505457017
100008505797829
100008510405166
100008510838251
100008513101334
100008513656145
100008514940922
100008515000608
100008516053523
100008518395616
100008521236841
100008521293172
100008523189954
100008525926197
100008526378762
100008531804121
100008533658977
100008534323748
100008536442921
100008539231336
100008542187321
100008542479572
100008543460559
100008543554150
100008546433492
100008550184040
100008551030933
100008553555052
100008557564658
100008558625830
100008562499252
100008562791083
100008563328349
100008564558160
100008566639503
100008566950470
100008567378296
100008571217455
100008572000431
100008572307328
100008573236848
100008573378827
100008576237034
100008578908730
100008582404378
100008585925170
100008589493267
100008589948242
100008593413949
100008595824683
100008601916854
100008602546978
100008605597124
100008606106234
100008606566999
100008607483892
100008607585014
100008608247250
100008609314473
100008611759361
100008612056965
100008613643922
100008615071049
100008616907162
100008617930020
100008617992697
100008618442115
100008618580547
100008620695534
100008620753589
100008620814351
100008621112654
100008622092798
100008623352595
100008623599874
100008623621153
100008623753528
100008625103362
100008626000237
100008626566496
100008629000095
100008629146297
100008630200268
100008633015957
100008633479392
100008634619032
100008635218080
100008635415663
100008636795924
100008637488992
100008638543395
100008638571939
100008639859442
100008641002712
100008641687987
100008646844655
100008647055177
100008651744362
100008652796180
100008654411988
100008656428234
100008659062975
100008659142727
100008660416201
100008660679696
100008660708416
100008661821943
100008663267651
100008664362031
100008664480409
100008665506008
100008668837505
100008668929579
100008669820505
100008673246494
100008674030898
100008674890766
100008675594131
100008676372633
100008677217315
100008681050717
100008682487097
100008684072517
100008684325944
100008685513050
100008686654854
100008686986466
100008691240192
100008691730266
100008692369085
100008692785076
100008692874126
100008693357275
100008693466108
100008693598849
100008694063570
100008694255168
100008695007112
100008695925290
100008696356857
100008698891284
100008700122639
100008700637651
100008706188275
100008708142306
100008708202090
100008708651962
100008709064622
100008709349436
100008710696217
100008712367921
100008712679199
100008712720806
100008714731971
100008715252902
100008715393223
100008717533309
100008717594934
100008717918673
100008719126849
100008719128540
100008720233079
100008721589228
100008722685385
100008723049143
100008723081789
100008723567814
100008724409062
100008730341932
100008730376768
100008731367758
100008731398085
100008731779017
100008731923140
100008731925653
100008734449356
100008734517077
100008734755364
100008734936411
100008735532154
100008736132293
100008736558384
100008737069192
100008740023780
100008740393081
100008740544241
100008743181399
100008743591610
100008744293209
100008745913414
100008746328282
100008747505527
100008747652639
100008748427440
100008749270303
100008749728215
100008749840582
100008750161028
100008750174406
100008750554941
100008752087209
100008755006609
100008755120751
100008755212940
100008756078736
100008756256946
100008756801287
100008756892494
100008757949440
100008758187973
100008760340496
100008760662786
100008761237008
100008761861591
100008762409153
100008763132739
100008763969113
100008764207324
100008765709666
100008765890905
100008766826001
100008768829302
100008769240194
100008769550475
100008770060502
100008770216298
100008770516553
100008771135007
100008771523845
100008772467542
100008772610323
100008772883660
100008773180236
100008773290877
100008773596608
100008774263514
100008775339035
100008777258959
100008777436999
100008777830759
100008777958719
100008778005787
100008780710044
100008781550585
100008782603818
100008783239129
100008785535303
100008786262992
100008786649275
100008787548862
100008787825076
100008788717904
100008789529542
100008789592806
100008792523030
100008792747253
100008793039017
100008794277594
100008794900915
100008797801634
100008797928655
100008798915568
100008800364885
100008801583537
100008802523984
100008802725026
100008803143734
100008803503004
100008803781248
100008803954920
100008804355412
100008804714047
100008804825062
100008804986362
100008805726999
100008806115129
100008806755701
100008807374037
100008809865378
100008810297853
100008810522551
100008810552613
100008811194072
100008812083042
100008812202682
100008812382473
100008812835883
100008812987694
100008813381871
100008813583831
100008814213515
100008814285891
100008815088287
100008815595039
100008815898905
100008815926771
100008816477799
100008817969989
100008818021046
100008818893418
100008819166863
100008819704408
100008820062952
100008820406427
100008820587786
100008821274136
100008822835462
100008822954954
100008823400542
100008824692788
100008825131357
100008825928108
100008826001752
100008829781845
100008830214729
100008832400334
100008833714438
100008833875069
100008834683477
100008834889105
100008835766382
100008837594825
100008838734843
100008839715537
100008839868925
100008840117212
100008841572843
100008842683904
100008842688564
100008842819174
100008844917788
100008845981798
100008846445099
100008846474857
100008847906602
100008848127197
100008848574552
100008849445760
100008849889886
100008850991384
100008850998336
100008851693546
100008851809010
100008852226247
100008853049162
100008853223482
100008854157447
100008854397099
100008854968320
100008855950076
100008856528778
100008857051422
100008857295848
100008858176380
100008858388607
100008858730733
100008858864763
100008859766891
100008860577731
100008861113191
100008862251996
100008862609890
100008862644063
100008862722869
100008864327213
100008864537425
100008865062301
100008865134458
100008866021180
100008866960392
100008867320282
100008868013962
100008868017491
100008869925500
100008870114763
100008871338786
100008871437780
100008871552085
100008872606569
100008872621786
100008872668312
100008874812113
100008874823006
100008876620265
100008876887789
100008876985028
100008877041692
100008878364618
100008878472063
100008878742360
100008879086028
100008879199201
100008880127621
100008882010723
100008882083511
100008884625790
100008888027090
100008888619047
100008890037309
100008890178685
100008891024812
100008891555296
100008891623067
100008891917802
100008892036881
100008893934222
100008895961231
100008896353495
100008896579443
100008897083174
100008897594016
100008899148653
100008899561645
100008902691828
100008904063324
100008904635328
100008906649098
100008906774531
100008906855204
100008907421156
100008907429778
100008907669393
100008912760796
100008912834616
100008913760104
100008916160459
100008916306062
100008917142318
100008917270573
100008918010707
100008918026012
100008919005250
100008919933713
100008920058090
100008920145736
100008921268183
100008921673340
100008922731654
100008923952312
100008924978900
100008927685686
100008928900517
100008929590758
100008930954287
100008931335852
100008933977782
100008934008126
100008934245043
100008935026010
100008935053081
100008935391659
100008935419614
100008935772489
100008935891311
100008936023541
100008936522444
100008937406280
100008937660096
100008937871446
100008938721669
100008939466364
100008940362479
100008940573728
100008941206546
100008941209881
100008941357737
100008941774965
100008942645770
100008942854360
100008943348235
100008943398430
100008943816453
100008944746610
100008944837567
100008945133383
100008945223227
100008945316599
100008947230117
100008949582187
100008950869317
100008951166643
100008951349306
100008952226473
100008954860027
100008955002414
100008956656279
100008957109046
100008957448554
100008958963302
100008959381284
100008959686755
100008960951064
100008961244993
100008962905571
100008964603456
100008964812599
100008964992239
100008965921585
100008966595541
100008968846153
100008969803518
100008971112894
100008971470292
100008972461581
100008973045084
100008974899220
100008975348111
100008976163903
100008978588275
100008978820059
100008981865479
100008984233944
100008984741177
100008985586458
100008985941601
100008985944158
100008987983550
100008988433754
100008988794889
100008989683807
100008989743457
100008991608405
100008991914044
100008992247854
100008992278405
100008995690947
100008996523058
100008996678460
100008998089199
100008998094227
100008998959848
100008999115831
100009000204349
100009000724495
100009002972825
100009003819389
100009004748395
100009007509477
100009007667724
100009010468257
100009010940690
100009012605892
100009014301387
100009015396601
100009017584080
100009018121893
100009020112477
100009020284413
100009023871664
100009024078541
100009024366185
100009027568209
100009028036647
100009031669903
100009031830296
100009032074131
100009032100259
100009032252100
100009032920846
100009035118932
100009036218042
100009037806144
100009039032348
100009039414909
100009041456364
100009043298290
100009043652476
100009044840285
100009046890764
100009048925315
100009050880166
100009051010363
100009051018680
100009051133642
100009054616551
100009056238706
100009057330888
100009057590577
100009057990719
100009058050706
100009059179186
100009059299474
100009059764377
100009062368842
100009063480330
100009063797480
100009066416504
100009068964626
100009068990190
100009069261203
100009069295002
100009070009533
100009070081087
100009071645937
100009074229752
100009075279522
100009076866254
100009078064861
100009078383853
100009080305271
100009081790676
100009083382157
100009083743980
100009085020314
100009086239943
100009086526963
100009087754579
100009088437966
100009088572316
100009089836914
100009090790564
100009091148079
100009092411102
100009093825998
100009094473111
100009096040836
100009097078171
100009099276357
100009099569848
100009099620638
100009102628296
100009102629994
100009103901027
100009105954275
100009113952207
100009117006231
100009117981609
100009118073645
100009119706914
100009120266358
100009120335549
100009120579460
100009123994981
100009125732978
100009126929320
100009128002549
100009130709076
100009131758531
100009131888968
100009132000177
100009132577499
100009133317020
100009133508072
100009133637258
100009134358042
100009134711485
100009134811606
100009135162948
100009136330664
100009136658189
100009138955286
100009140161184
100009140476268
100009140601500
100009143491330
100009144201946
100009144374849
100009145467913
100009147507715
100009148689472
100009150921067
100009151437454
100009154024374
100009155037905
100009157459139
100009158589552
100009161150555
100009161524760
100009163275689
100009163534735
100009163627818
100009163670644
100009163867446
100009164448813
100009164480049
100009166979322
100009167014019
100009168365431
100009170570030
100009171454982
100009171511265
100009171889834
100009172473328
100009173943926
100009174508334
100009175474047
100009177968039
100009179102986
100009179679283
100009182153359
100009182722965
100009182840715
100009183312680
100009183351430
100009184463391
100009185103299
100009187318400
100009187777933
100009192611205
100009192712739
100009193852597
100009195600994
100009196812247
100009198271195
100009199294110
100009200881225
100009203156025
100009208911970
100009209128936
100009210484504
100009212028533
100009216786117
100009218600152
100009220011900
100009220272647
100009220736919
100009227087471
100009229160204
100009231917320
100009232364593
100009232846084
100009232939336
100009236814757
100009237499572
100009237794929
100009238685303
100009242765349
100009244107429
100009245086721
100009245944066
100009247616528
100009254462225
100009255521215
100009258373329
100009258717194
100009258950637
100009260642309
100009265780070
100009266383869
100009269385169
100009270139974
100009270275427
100009270611559
100009270683003
100009273276486
100009273808145
100009274189316
100009274587093
100009274669663
100009274808788
100009275665034
100009276043198
100009279636031
100009283630196
100009284037343
100009286394610
100009286586144
100009289195844
100009290188941
100009290290783
100009291631490
100009292796618
100009293056839
100009293503709
100009295118015
100009296829792
100009297693944
100009297714128
100009300100670
100009303162079
100009305737426
100009305796934
100009308421847
100009310728218
100009310800947
100009312155790
100009313488465
100009313744131
100009316681176
100009317222199
100009317468905
100009318027202
100009321542221
100009321638745
100009323105612
100009324170541
100009325828566
100009326135687
100009327344750
100009328421423
100009329173121
100009329956318
100009332142996
100009332314959
100009333822275
100009334113558
100009334240863
100009335341271
100009335526556
100009336354179
100009339510595
100009339564104
100009339851782
100009340807659
100009345470170
100009347566979
100009348160697
100009348600760
100009349631474
100009349719447
100009350441205
100009354727549
100009356838811
100009357168433
100009360759247
100009360844890
100009360961967
100009362413653
100009362654598
100009366553798
100009366596431
100009367549064
100009368521985
100009374043763
100009374948398
100009376044882
100009379836772
100009380740367
100009382778594
100009383947745
100009385165760
100009385510203
100009386520752
100009388923043
100009389885726
100009390530151
100009391162404
100009391824860
100009395090920
100009395315805
100009396229254
100009397368963
100009397979176
100009402174469
100009404678528
100009405348093
100009405667287
100009407499022
100009408143135
100009409386811
100009409747697
100009409988344
100009410399078
100009412094633
100009412509856
100009414033886
100009416353570
100009417223857
100009419719385
100009420040793
100009421587275
100009421788379
100009424462905
100009425063721
100009425528809
100009426244090
100009427970034
100009428160738
100009428176561
100009428404149
100009429589751
100009430883827
100009430896687
100009431430934
100009432203603
100009433385335
100009434761117
100009435089347
100009437290397
100009442477114
100009443945742
100009444604841
100009446661537
100009448865218
100009449442890
100009449610402
100009450447482
100009450643853
100009452532293
100009453412924
100009457339393
100009459315487
100009460490734
100009463022348
100009463839142
100009465958476
100009466801443
100009467237424
100009469346456
100009469411211
100009471367470
100009471558300
100009472100241
100009472445474
100009473254159
100009473430455
100009475269318
100009476401023
100009479513798
100009481363589
100009483049701
100009487027086
100009488214076
100009488430221
100009488802697
100009490099799
100009490875377
100009491106827
100009495060265
100009498480032
100009500328682
100009500434652
100009500834512
100009500932715
100009502002654
100009503298072
100009503957602
100009505031106
100009506085464
100009506152647
100009509500819
100009511311831
100009513356598
100009513572222
100009513824428
100009518738973
100009519044085
100009520517010
100009524224625
100009525732053
100009532568767
100009535312598
100009536482022
100009536975490
100009537046852
100009537070758
100009540410050
100009540862360
100009543964150
100009544496099
100009545258664
100009551598949
100009557454809
100009558501007
100009566957838
100009570127501
100009571959411
100009574942615
100009575794899
100009580313151
100009583808210
100009584710889
100009584972787
100009588074681
100009589463092
100009591201931
100009591343031
100009591608691
100009592935710
100009593355564
100009594720350
100009596601342
100009600012347
100009602672508
100009602780388
100009605931012
100009606241026
100009610711462
100009610792330
100009614383661
100009625550455
100009626010675
100009632479480
100009632772790
100009634022788
100009634415560
100009635301116
100009637655093
100009639157041
100009639900220
100009640024136
100009641143465
100009641566532
100009643668631
100009644471335
100009648229014
100009648721356
100009649266484
100009649356532
100009652242448
100009652305596
100009653619698
100009655786441
100009657304392
100009660160278
100009661115309
100009672964275
100009677537546
100009685748076
100009686133064
100009688364034
100009692358747
100009692742281
100009693519720
100009695430749
100009698346391
100009703810248
100009704296185
100009707447472
100009707704825
100009710414965
100009713078700
100009714697978
100009715387803
100009716734159
100009718539875
100009722288163
100009722358049
100009725138457
100009732191351
100009732407009
100009735668305
100009736962750
100009741480041
100009746792400
100009749686755
100009755199270
100009756517509
100009760098279
100009762751093
100009766805155
100009766960143
100009767047623
100009770413730
100009773387635
100009774751706
100009775183608
100009781051805
100009786014021
100009787779447
100009787896903
100009789182632
100009790064891
100009790183848
100009798995991
100009799901159
100009802623147
100009802872708
100009804008994
100009805663956
100009807610366
100009809859525
100009810360612
100009811424841
100009811516133
100009813040292
100009814302761
100009816250327
100009823508520
100009824371965
100009826333774
100009827079256
100009830854191
100009832483107
100009841664710
100009844118915
100009848868592
100009851074859
100009855586691
100009855635495
100009856743704
100009861047593
100009863443358
100009865114966
100009866896890
100009872896157
100009872915720
100009875983052
100009879571587
100009883236424
100009884534434
100009885780313
100009886568096
100009888275445
100009889548491
100009890230938
100009892746441
100009895291237
100009909062371
100009909130411
100009910872358
100009915451739
100009916930193
100009919773125
100009921136155
100009922410591
100009923850975
100009924390303
100009925801574
100009927008591
100009927662120
100009927721874
100009927766516
100009937413048
100009938494517
100009944315383
100009945122660
100009948061405
100009949545780
100009953802552
100009954210153
100009961518135
100009964213490
100009965616610
100009969588466
100009970303617
100009980011582
100009985203454
100009987669694
100009988380457
100009993363073
100009995951310
100009996223589
100009997632431
100009997990900
100010001957785
100010003475716
100010003602390
100010003905793
100010010085279
100010012950933
100010013235306
100010015683192
100010016563008
100010017735056
100010019382357
100010021814276
100010022771272
100010025613511
100010029998895
100010031918470
100010032787740
100010034258616
100010035825563
100010036005484
100010038570552
100010041570079
100010042231357
100010045683048
100010046328490
100010048650445
100010050435311
100010051486712
100010052265637
100010059550763
100010060328744
100010060873530
100010063759273
100010063890763
100010065492677
100010069869869
100010072951080
100010073832359
100010075231979
100010076385045
100010078099582
100010081270241
100010081650142
100010083400069
100010083524318
100010084261666
100010085016260
100010089456689
100010089519503
100010090118925
100010091496194
100010092371538
100010100647412
100010105338800
100010106593248
100010110210538
100010116045265
100010118460469
100010119881597
100010120455668
100010120741528
100010125004643
100010126986613
100010127507076
100010127640272
100010129300828
100010129564237
100010131129590
100010131168805
100010133563450
100010134556744
100010135575422
100010139262841
100010140851069
100010141990580
100010142928743
100010156639234
100010158631037
100010159308181
100010159560676
100010159691175
100010169250591
100010170104474
100010185184450
100010186278623
100010189322375
100010198350221
100010198415545
100010199257346
100010202705254
100010207081054
100010207098842
100010208827110
100010209377103
100010210756831
100010212060852
100010212610362
100010215694035
100010220658068
100010223415681
100010225393614
100010226357438
100010226527504
100010229404070
100010229645460
100010229833823
100010232463702
100010236589341
100010236708497
100010239338864
100010245796680
100010246302104
100010249028942
100010249608774
100010249663503
100010250538360
100010250800770
100010253239175
100010254842110
100010256790065
100010257543509
100010261637741
100010262344306
100010264454042
100010268774139
100010269813259
100010270729061
100010274559472
100010281737623
100010284723080
100010286280359
100010290181501
100010292449347
100010292682317
100010296962727
100010297546812
100010299005009
100010301146390
100010302155533
100010303413417
100010310290132
100010319612723
100010320342602
100010328447525
100010333511616
100010335525263
100010338092721
100010338905625
100010340436309
100010344000979
100010344420446
100010350044049
100010352028841
100010354489882
100010360997122
100010361892449
100010363745639
100010364775698
100010371576867
100010373526245
100010377155543
100010377493219
100010382642804
100010384846106
100010390332272
100010390638122
100010391986827
100010392722505
100010393149963
100010406144421
100010406778890
100010408875179
100010409643953
100010410674372
100010415073241
100010419041587
100010422519247
100010423177777
100010426892356
100010432771267
100010438290984
100010440763436
100010444385437
100010447112853
100010449096294
100010449638891
100010454443466
100010455369551
100010455578491
100010458519646
100010460200749
100010461483677
100010461524011
100010463016152
100010467784073
100010469523181
100010473795022
100010476011008
100010479706270
100010480802930
100010480813860
100010488162248
100010491550227
100010491947766
100010494167026
100010496230613
100010498746120
100010509312002
100010511836329
100010511973473
100010512422434
100010513233098
100010516057744
100010517440935
100010518221097
100010522183678
100010522620400
100010536103142
100010539185330
100010543095376
100010545490082
100010547745710
100010551195900
100010551425794
100010552428437
100010561892144
100010564361459
100010565079323
100010565288482
100010567173874
100010569640045
100010569729876
100010571251386
100010574555922
100010580145445
100010585471678
100010585714587
100010589730943
100010589760858
100010591819339
100010593011831
100010597056237
100010606451407
100010608667892
100010611902583
100010612153603
100010617817231
100010618744671
100010622285456
100010623198309
100010623400870
100010623617686
100010624110799
100010627382672
100010636755807
100010639328828
100010640058171
100010641134798
100010642425204
100010643148168
100010643342780
100010645865822
100010647302194
100010649344224
100010650183046
100010651422229
100010652705832
100010654096478
100010654385008
100010654687088
100010657417307
100010658101507
100010659065028
100010663720475
100010666903447
100010669840584
100010671313846
100010672291475
100010672754855
100010674189575
100010677751683
100010682471364
100010682772532
100010682831348
100010690059480
100010693273485
100010693427811
100010695909197
100010698737286
100010699818129
100010705205275
100010708568044
100010715014370
100010715717158
100010718928003
100010723688909
100010727826957
100010732084663
100010738121603
100010738652991
100010740273948
100010740910414
100010741324256
100010744122951
100010747330824
100010747965431
100010758677138
100010758794989
100010759599813
100010762260829
100010762771320
100010767037348
100010774455080
100010776196714
100010777412562
100010779788962
100010781070924
100010781205791
100010783960062
100010784221688
100010785617042
100010788333609
100010790381223
100010791673909
100010792172288
100010795928030
100010797226130
100010797400794
100010800398569
100010800797007
100010801786848
100010802139279
100010803310057
100010806489392
100010807200622
100010811826510
100010812459174
100010813095681
100010813896741
100010816395419
100010822806809
100010830661154
100010833399268
100010841921505
100010842181293
100010847137411
100010848936219
100010863016424
100010864008532
100010873339205
100010874970104
100010878816519
100010880736244
100010884224421
100010885690079
100010886881174
100010895593810
100010897355394
100010903172373
100010907473162
100010911078346
100010911738568
100010916260176
100010928416230
100010929724909
100010942022513
100010944033251
100010946708808
100010947574661
100010949479118
100010956247001
100010957320160
100010957620267
100010964045571
100010968846812
100010969832071
100010980069781
100010980108848
100010983729374
100010984845710
100010986996629
100011000255749
100011009341167
100011010648376
100011015287664
100011015925393
100011019726127
100011025285659
100011028606009
100011030170301
100011031218525
100011038056964
100011041514032
100011045055452
100011052395050
100011054370027
100011062597833
100011064547969
100011068695977
100011070156118
100011082558985
100011087746431
100011090508613
100011095998930
100011097828326
100011101968128
100011102882440
100011103492807
100011107204595
100011107788638
100011114926846
100011116532336
100011117913472
100011120012831
100011135118758
100011141492218
100011142092415
100011142492106
100011146358277
100011150173244
100011157634273
100011160732829
100011162350952
100011165087616
100011166196205
100011178008751
100011181820614
100011182092636
100011182261143
100011183198265
100011188187417
100011193817787
100011194904023
100011195073712
100011198628743
100011201025681
100011203844163
100011219193544
100011219970171
100011220159567
100011220223319
100011223818528
100011230901842
100011233564162
100011235795503
100011242449588
100011242500001
100011243559613
100011247432569
100011254171160
100011254540751
100011260394494
100011261377437
100011262694678
100011263302375
100011266625310
100011266894422
100011270822294
100011270834601
100011273492626
100011274525964
100011278485096
100011283371080
100011286078741
100011290443580
100011292245993
100011293338132
100011301901061
100011302126331
100011303808372
100011305097280
100011308930974
100011309407159
100011316156334
100011319674913
100011320862810
100011323417593
100011323455287
100011325451843
100011325557995
100011327951281
100011329893663
100011329914051
100011331667309
100011332719103
100011333950846
100011336063800
100011336216728
100011336348071
100011337125369
100011337602013
100011341110686
100011346158282
100011348350308
100011348373176
100011350704650
100011351209986
100011354403554
100011354881809
100011356186678
100011358812981
100011359227825
100011360365244
100011362983656
100011365707999
100011367294890
100011367679161
100011374415120
100011376369699
100011377301182
100011378096174
100011383507152
100011390297293
100011391354395
100011395684690
100011399589108
100011404021022
100011412038557
100011413386102
100011421739445
100011422268745
100011427057286
100011427308246
100011429613548
100011429868441
100011433994986
100011435806787
100011438170639
100011440355902
100011442313490
100011451106024
100011453387629
100011453640177
100011455610877
100011457345372
100011458849894
100011459941170
100011461832179
100011462525818
100011464630608
100011465117709
100011473410018
100011474074958
100011476326009
100011479877740
100011485087815
100011492284213
100011496786717
100011499470171
100011503842085
100011508485639
100011510945193
100011518244046
100011528796184
100011529521643
100011530368307
100011533501285
100011534471165
100011550301970
100011553993046
100011560848429
100011564198065
100011566148525
100011569991699
100011572789512
100011573223535
100011591230001
100011599146554
100011600925324
100011601037663
100011606562987
100011606714739
100011607408533
100011610707747
100011612265223
100011621947714
100011625649419
100011632178219
100011633827397
100011635231391
100011639140997
100011639477214
100011650241088
100011650930949
100011653995432
100011655845870
100011659175055
100011664896223
100011665682920
100011667669635
100011667712336
100011672931303
100011673668706
100011674152292
100011681980687
100011682881129
100011685528254
100011686026631
100011686398493
100011690143520
100011694126138
100011694913706
100011697911295
100011698794925
100011700624436
100011700819991
100011702254065
100011702827032
100011705610112
100011706760911
100011714209234
100011718472457
100011719395876
100011723722875
100011725501513
100011727150926
100011729026446
100011762395926
100011763765471
100011763946622
100011764519071
100011765663353
100011765786117
100011767090503
100011767140107
100011770051735
100011770840445
100011773659450
100011778243087
100011780422481
100011783460162
100011784274090
100011785393292
100011790976768
100011795866939
100011797680052
100011802133096
100011810319556
100011813416568
100011813850656
100011820398343
100011821172584
100011831854062
100011838367289
100011843418735
100011859709287
100011860309764
100011864065073
100011866982277
100011867616647
100011874511874
100011874635180
100011874724326
100011881275441
100011884877750
100011891536883
100011894258069
100011896725836
100011901557511
100011901877566
100011906497752
100011907705467
100011912807590
100011916490487
100011918978590
100011922784667
100011930088208
100011932214357
100011932819094
100011937014048
100011937542039
100011945862844
100011946965219
100011949725199
100011951768281
100011953805901
100011956066190
100011960323030
100011960626539
100011964073658
100011964977849
100011965515520
100011965666691
100011966029004
100011969555604
100011975712812
100011985197015
100011985870489
100011988468661
100011989831684
100011990267504
100011990418858
100011993294601
100011995368840
100012000647754
100012001159210
100012007998307
100012008749065
100012012031019
100012021903951
100012027883346
100012028384636
100012030257856
100012034907903
100012035051756
100012037546648
100012038586363
100012051164826
100012052751095
100012055053252
100012056380231
100012056865606
100012060821339
100012062223755
100012062657465
100012062659022
100012069939192
100012073817079
100012075038140
100012081667225
100012085152937
100012085502015
100012085904026
100012087436957
100012088873290
100012089893818
100012095055223
100012097245511
100012098257042
100012099587616
100012103811312
100012104533427
100012105708295
100012106901540
100012108641959
100012110738876
100012110773671
100012111186157
100012112095920
100012112448602
100012119653681
100012119674800
100012121153798
100012125748932
100012126735433
100012128080862
100012128229139
100012132971142
100012137179180
100012138516824
100012146137092
100012148659840
100012155881652
100012159936645
100012161377281
100012162939581
100012164626643
100012170225062
100012170614777
100012173430292
100012174065081
100012194834782
100012194947697
100012195696157
100012196383298
100012196842640
100012197614122
100012200072526
100012204255937
100012207918433
100012209973060
100012211380452
100012214084302
100012214756303
100012215537361
100012216279470
100012218134431
100012219992554
100012223321350
100012226323220
100012227405946
100012229593379
100012231960225
100012238931320
100012239322004
100012240662553
100012240767093
100012243881741
100012244242118
100012245016881
100012253002279
100012253485699
100012255010866
100012255673024
100012256562541
100012257594631
100012263314069
100012268594036
100012271777713
100012276094025
100012277902562
100012277951590
100012278446146
100012284317786
100012293592049
100012296702962
100012297619041
100012303699022
100012304414882
100012304985438
100012305500422
100012306792748
100012311527748
100012311945540
100012319666844
100012320535747
100012322628039
100012326137161
100012332610004
100012332918693
100012337065351
100012338118465
100012338190131
100012354914278
100012356707548
100012361366348
100012365077574
100012365375133
100012372397763
100012378403004
100012379269146
100012389731090
100012391502047
100012393185488
100012402121246
100012402977650
100012403933945
100012408498517
100012408871437
100012413025262
100012415367768
100012416526315
100012419731760
100012425089567
100012430687002
100012431828342
100012432881984
100012435210326
100012438090570
100012440587356
100012440917039
100012448037656
100012455116971
100012456464069
100012458583062
100012467474421
100012468482384
100012469921568
100012472847417
100012478449996
100012480099675
100012480461886
100012482051980
100012482715367
100012485477174
100012493848133
100012494685285
100012495725413
100012496361356
100012504916175
100012505146311
100012505201012
100012509615864
100012516738392
100012517410016
100012524194749
100012532446339
100012534315291
100012534514398
100012542614402
100012549434872
100012551082924
100012551792353
100012556776382
100012563293895
100012570634619
100012573668275
100012576102602
100012577966723
100012580029198
100012581411510
100012587912857
100012588551212
100012588943208
100012592990469
100012593596984
100012593856786
100012595688033
100012597704749
100012599478367
100012600996916
100012602222527
100012605113588
100012606100757
100012611016798
100012613097070
100012614508496
100012614916153
100012618846407
100012628637116
100012634968290
100012635236611
100012638112256
100012642134385
100012644731490
100012646272428
100012648367850
100012649059630
100012649386623
100012649481028
100012653776267
100012655594000
100012658718132
100012659855017
100012659953702
100012660525449
100012663402773
100012663941836
100012664359155
100012669223212
100012672768602
100012674705474
100012676628764
100012676848520
100012677655820
100012679427202
100012680149134
100012680838859
100012680944462
100012683416082
100012685516186
100012686311387
100012690703919
100012690783212
100012694356678
100012697549563
100012698471592
100012702402216
100012704850046
100012705751132
100012706241381
100012707056690
100012709177582
100012709540850
100012709772378
100012710201228
100012713057318
100012713769633
100012716074672
100012716290938
100012724787546
100012727875133
100012729466829
100012730122456
100012731618210
100012731858402
100012732244884
100012733698715
100012733926828
100012734747742
100012735979312
100012737799928
100012740537398
100012742534248
100012746796608
100012747246789
100012749764893
100012749831626
100012752290268
100012754627623
100012755628049
100012757500999
100012757870582
100012758179021
100012758598650
100012759120529
100012760864016
100012761116825
100012761507189
100012762069544
100012762575693
100012762788304
100012765156439
100012766862359
100012768467700
100012770866590
100012772725153
100012774639676
100012775330716
100012778687334
100012779494118
100012781356342
100012781728628
100012781954704
100012789015985
100012790572562
100012791953031
100012792634568
100012792638134
100012792826541
100012793233609
100012795843565
100012796775278
100012797268645
100012800147538
100012800295808
100012804189508
100012804810620
100012809501616
100012814085472
100012814500980
100012814722102
100012823748334
100012825331692
100012826726454
100012827175914
100012827445558
100012827568171
100012836790334
100012837010461
100012838505576
100012842475204
100012843524214
100012844937064
100012847081825
100012847326033
100012847896231
100012850053298
100012851196147
100012853516272
100012854015452
100012854687041
100012855000906
100012855463997
100012857056346
100012857672409
100012861019113
100012862032270
100012863439008
100012864241342
100012866764837
100012872261397
100012872868533
100012873434761
100012873452794
100012873721593
100012873871641
100012875471937
100012878584397
100012880458530
100012880639404
100012881647865
100012883328108
100012886359715
100012886398383
100012889836666
100012891438838
100012891515656
100012891933399
100012891965657
100012893473483
100012894559304
100012894947800
100012895188806
100012895578716
100012900365775
100012900888042
100012901487973
100012902503886
100012902975296
100012904183763
100012904368088
100012906257267
100012907891446
100012908732718
100012913351569
100012913452491
100012913695656
100012913996272
100012915495781
100012915557338
100012917621738
100012918637770
100012919718870
100012920624829
100012921039348
100012921345741
100012922900750
100012924943846
100012925872966
100012926229592
100012926623320
100012927463410
100012928455528
100012930335025
100012930820757
100012933099876
100012933132006
100012933763678
100012933915745
100012934938397
100012935624523
100012938294595
100012938985851
100012939074282
100012939492975
100012939584280
100012939702044
100012942944969
100012942963345
100012943961996
100012946486243
100012947222573
100012948463480
100012948577820
100012948758049
100012949330481
100012950802168
100012951543080
100012951666989
100012954071259
100012954280908
100012956291940
100012956979641
100012957069059
100012957814708
100012958902512
100012959292472
100012960482376
100012960583418
100012960612972
100012960613882
100012961663568
100012962762180
100012962861278
100012963040486
100012963421974
100012963550637
100012963936550
100012965101002
100012966408478
100012967123325
100012969070713
100012970147355
100012970480337
100012970512585
100012972095603
100012973840531
100012975223299
100012977259151
100012977441214
100012978788116
100012979246289
100012979718976
100012980417302
100012982480910
100012982756206
100012983835460
100012983945917
100012984219562
100012984457946
100012984458509
100012984853101
100012988330184
100012988629132
100012988962431
100012989411957
100012990251538
100012991127644
100012991481060
100012991548885
100012991590829
100012992589440
100012993336856
100012993871503
100012994449635
100012994959654
100012996007266
100012996494797
100012996578507
100012997633448
100012997659520
100012998468588
100013000800856
100013002344222
100013002690130
100013004858052
100013006989589
100013007470904
100013007646120
100013007677978
100013008878963
100013008977614
100013011611293
100013013104552
100013013618582
100013016764503
100013017907726
100013018622781
100013019468309
100013019798056
100013019916749
100013020067762
100013020310517
100013020464004
100013020544050
100013021395134
100013022200832
100013022554437
100013024320783
100013024726313
100013025075065
100013025258040
100013026039798
100013026997650
100013028204360
100013029585864
100013030267429
100013032159997
100013035787124
100013038396284
100013038429032
100013038849541
100013039754486
100013039924191
100013040014085
100013040826906
100013041004667
100013041096786
100013042418349
100013042988791
100013043015880
100013043143701
100013043198803
100013043867815
100013044007600
100013045565252
100013046464789
100013047874495
100013048115252
100013048126940
100013048294185
100013048356272
100013048501143
100013049884873
100013049984317
100013052400833
100013053193836
100013054180622
100013054510140
100013054714667
100013055525869
100013057693288
100013058892690
100013059160614
100013060921801
100013062278498
100013062369728
100013064494721
100013064592796
100013064765594
100013064949819
100013067029222
100013067079954
100013067463355
100013067522894
100013068191041
100013069140832
100013069322394
100013071138000
100013073913136
100013074401015
100013076081135
100013076251821
100013076288274
100013076478216
100013076892523
100013077574509
100013077753443
100013079941340
100013080048874
100013080636742
100013081022407
100013081061029
100013083067836
100013083760420
100013083843127
100013084293713
100013084688134
100013084991289
100013086969574
100013087054986
100013089332098
100013089423170
100013091407567
100013094374687
100013095935374
100013096082090
100013096445814
100013097525820
100013097970886
100013098601698
100013098730062
100013098997052
100013099351758
100013099715598
100013100175556
100013100192910
100013101060213
100013102534096
100013103169009
100013103820725
100013105950164
100013106627471
100013109148445
100013109704402
100013109856198
100013110007136
100013110180830
100013110425374
100013112617315
100013113168563
100013115550288
100013116008604
100013121018123
100013121355481
100013121433575
100013121584442
100013121988196
100013122372908
100013122397434
100013123234849
100013123630187
100013124194346
100013124858015
100013125091267
100013128128847
100013135030637
100013136614664
100013136863320
100013137182552
100013138025518
100013138538044
100013138593943
100013138631506
100013140004081
100013143122690
100013144182296
100013146588621
100013151376915
100013154070717
100013154612321
100013155455234
100013157015047
100013159595006
100013160311573
100013163615454
100013163674725
100013164034232
100013166284530
100013166856170
100013167991573
100013168680898
100013168686814
100013174361816
100013175106618
100013176228491
100013179098275
100013179693372
100013181040618
100013183050764
100013185072687
100013185108634
100013187448840
100013190084530
100013193469943
100013194157843
100013198150192
100013202478603
100013202680348
100013207922867
100013209060527
100013209647825
100013210579234
100013211202019
100013216240777
100013217644621
100013218012319
100013219455083
100013220446771
100013221858678
100013222020501
100013223084991
100013226524737
100013230552942
100013232042231
100013234841543
100013235897341
100013236074573
100013237938842
100013238897370
100013240066776
100013245730464
100013247656078
100013250760435
100013254137794
100013259296908
100013264271592
100013264278446
100013265324002
100013265821325
100013266339892
100013269048519
100013274259336
100013274347232
100013274597558
100013277568973
100013279699660
100013280599029
100013281428877
100013283107127
100013284074981
100013291181882
100013292237288
100013293016178
100013295926720
100013298746318
100013300095304
100013301647847
100013302935310
100013303205164
100013303987123
100013305393469
100013305735686
100013306876856
100013307053632
100013309725617
100013310446310
100013311010113
100013311370641
100013312063439
100013315246024
100013319654554
100013319983841
100013320339610
100013322893194
100013327129257
100013327605111
100013327938979
100013328234463
100013329668544
100013333121329
100013333542474
100013334014733
100013334103245
100013337731836
100013338613375
100013341587682
100013342357715
100013343082911
100013346142733
100013346802485
100013347601481
100013347605575
100013349176990
100013350793247
100013351067248
100013352477190
100013352524283
100013352922021
100013355171853
100013355408972
100013355501656
100013356247167
100013356346016
100013356886316
100013358770751
100013360481281
100013361531362
100013361592871
100013364080201
100013366216768
100013366537795
100013367231892
100013367681270
100013367716312
100013367804995
100013368992981
100013373285155
100013373556426
100013377674452
100013378965539
100013379375749
100013379679928
100013380960919
100013385378957
100013385500995
100013386094664
100013386701863
100013386850445
100013389402678
100013389843518
100013389939653
100013390779310
100013392578782
100013393298770
100013394462822
100013394594015
100013395639526
100013395964737
100013396028316
100013396299823
100013396568338
100013397472848
100013397889767
100013398583125
100013398843958
100013399693700
100013400108070
100013400647831
100013402653139
100013403316427
100013404252821
100013404483086
100013406104077
100013406769049
100013407037366
100013408204178
100013408721072
100013409619076
100013417152404
100013417356595
100013423206750
100013424620884
100013425665305
100013426720209
100013426955859
100013435299597
100013436404671
100013439013979
100013440751629
100013441593362
100013444501811
100013445913499
100013450110320
100013450484956
100013450894093
100013451940222
100013452602562
100013453562964
100013455961043
100013456443372
100013457132564
100013461013662
100013462596797
100013463132416
100013471412156
100013472412429
100013475197862
100013475911299
100013476691590
100013477471393
100013477501524
100013480382931
100013486320807
100013489832142
100013491570712
100013492473934
100013495710019
100013496100076
100013497754154
100013498531907
100013511580290
100013516172808
100013522142742
100013548030539
100013553010432
100013558800685
100013603243418
100013633725238
100013734492623
100013776731844
100013784049440
100013815931997
100013816986908
100013822251069
100013823257477
100013833096902
100013836470603
100013842519068
100013845041320
100013853791163
100013911796275
100013924323724
100013985340822
100014051533946
100014055919480
100014181244974
100014184528014
100014188032886
100014199367785
100014212082552
100014233154205
100014245303497
100014262098270
100014276196447
100014281688827
100014284833387
100014292011554
100014312325934
100014332603629
100014335808736
100014356202120
100014371088013
100014400108888
100014494546964
100014495557148
100014527448281
100014540821184
100014581480110
100014597741043
100014605188759
100014607242685
100014613168294
100014627628288
100014634991189
100014643525457
100014647812091
100014662245969
100014673076091
100014693731551
100014699380187
100014745995116
100014749838904
100014776511641
100014795506090
100014831942153
100014835129104
100014844587496
100014911398870
100014954461946
100014998153552
100015066970084
100015093332299
100015096009683
100015106830229
100015116801050
100015122294642
100015135378577
100015230856524
100015261638440
100015281434220
100015294152478
100015299659375
100015424774849
100015528339131
100015597366340
100015599730692
100015607485359
100015658440254
100015666729361
100015726663585
100015729491137
100015846108886
100016076059132
100016175922419
100016218046532
100016227099641
100016265644611
100016276090226
100016334438501
100016441031368
100016480545359
100016484268753
100016506334952
100016562169805
100016574958847
100016672453721
100016719796837
100016721890150
100016740042984
100016740644022
100016748766603
100016789654936
100016827458255
100016834501721
100016853656558
100016880824610
100016891536919
100016901717091
100016902194577
100016965275409
100016996595282
100017022571828
100017026684454
100017035275466
100017081202009
100017127556239
100017323056199
100017412556408
100017527843429
100017528418193
100017839470456
100017846741866
100017863719815
100017941056090
100017979076628
100018004982836
100018068913023
100018145112618
100018233179296
100018233701208
100018258635355
100018263107985
100018300095930
100018426695598
100018518715892
100018577155649
100018687193441
100018716651621
100018769204115
100018825484010
100019000635502
100019060297495
100019224164011
100019410551783
100019524492630
100019835359305
100019870218393
100020117884870
100020449950482
100021008590003
100021032313621
100021034026942
100021361944305
100021385340418
100021568504915
100021605826538
100021680361634
100021682307282
100021719568381
100021802331472
100021868011410
100021923592897
100021943694235
100021946620625
100021961194019
100022004031553
100022083731271
100022142227850
100022166171779
100022183332905
100022187439524
100022213863631
100022296289964
100022330158877
100022360163863
100022369598912
100022382193149
100022387680775
100022401666150
100022482037213
100022572338259
100022576622443
100022604200237
100022628386270
100022632803136
100022633510223
100022665411228
100022740570884
100022749054174
100022842459329
100022946161372
100023039183753
100023078941302
100023131909697
100023283934115
100023685880089
100023718757914
100023720589936
100023730489127
100023731401954
100023812128418
100023861630742
100023892980724
100024016656726
100024074806380
100024125985889
100024132264323
100024139602509
100024383533124
100024563497294
100024595713262
100024616457963
100024651048612
100024669345789
100024700579035
100024720640775
100024757451851
100024818948595
100024822992762
100024842016801
100024851354892
100024892594004
100024941687649
100025010839132
100025031499139
100025050163493
100025088316706
100025183008262
100025372532707
100025489414478
100025524764641
100025543301826
100025664901928
100025717870865
100025866075748
100026105524341
100026134362881
100026178632327
100026184948652
100026263230023
100026309273739
100026358590337
100026471358048
100026487930684
100026497400815
100026577948130
100026716900575
100026837503306
100026863533000
100027060069015
100027114246193
100027154159453
100027206972699
100027297320589
100027449461883
100027814097920
100028232052792
100028418827689
